2.435893381649616440e-01 6.136681850607894617e-01 6.819605733374605183e-01 6.029343578682736515e-01 9.581679689558149082e-01 3.570186035779060463e-01 9.430601840307375472e-01 2.267307341187564385e-01 1.067099764314480836e-01 9.568520407572957964e-01
5.735128472228320229e-01 7.635927032231446532e-01 2.916385025554748545e-01 6.358557354896225977e-01 3.867078192898487643e-02 6.018508750547041375e-01 8.746960897832773973e-01 8.431187937344880590e-01 2.059737674650743422e-01 4.714125316977701985e-01
7.812593606345941133e-01 9.798997433451367423e-01 6.716789878497090305e-01 9.978389757224161993e-01 9.931500242629897057e-01 6.458059370735209637e-01 1.541387145802514125e-01 5.614846185544212220e-01 5.193567029751642306e-01 9.665369649416007958e-01
8.397155629006024524e-01 7.244609416958548431e-01 1.484012698168957201e-02 1.571128048089692752e-01 4.471603941032159524e-01 2.446151551116819700e-01 9.803408393049886094e-01 3.134576361574160641e-01 7.128554203118951937e-01 1.611731850599433802e-01
2.704478694886728318e-01 9.979590129762717643e-01 3.510841533255326663e-01 4.278004413006324391e-01 6.541143203937956896e-01 8.696888212969167142e-01 7.496815061940201863e-01 2.887837753317156197e-01 8.786716266589275071e-01 8.957503440749520207e-01
8.243519627752751155e-01 1.304127844995827123e-01 5.748343718375228395e-01 1.390355318055422895e-01 9.707433926098155696e-01 7.404888339107112971e-01 4.065907329161596584e-01 9.006533924860172791e-01 7.151177145793874423e-02 7.722541052375132553e-01
6.559613489660129915e-01 2.891853325022275545e-02 9.282436584039769345e-01 9.021910418501671858e-01 8.257447341318207013e-01 5.968323226434597562e-01 9.151422800930015811e-01 7.924602596404373145e-02 9.682479230855967067e-02 3.161946972206653994e-01
2.384623686224807138e-01 3.370697501349607661e-01 5.318462386675142373e-01 8.614956572694780768e-01 1.047574232223704715e-01 4.317892434722747641e-02 5.746746595895778631e-01 1.323536436625788459e-01 4.864447000069971327e-01 2.597860134571091661e-01
4.804136154235452150e-01 2.215497767707008681e-02 1.082010445815497768e-01 1.985671291771641256e-01 3.466392282632012600e-01 2.425234792937930317e-01 7.844014213133000402e-01 1.945445686492184301e-01 8.998170136289604937e-01 8.591588342086186048e-01
8.547396568888634416e-01 6.878648884165166066e-01 9.065230569472096933e-01 1.245747589087693452e-01 2.322638140167672116e-01 4.365373297625295690e-01 9.899301711720598362e-02 4.233775640445693877e-01 5.607267037481502570e-01 2.868477991738044297e-01
6.045869079584894612e-01 6.098994988555224150e-01 7.027307934690552038e-01 1.986080808392709507e-01 9.466006122796822853e-01 1.038152926328019809e-01 3.931173273247803301e-01 7.891922445469459202e-01 1.164969406717859535e-01 5.491721674930797326e-01
3.722581163497735712e-01 6.310706342344404307e-01 2.298277168633118261e-01 5.316977478372015842e-01 9.738957601947604292e-01 2.640227774938549432e-01 7.692191864787175648e-01 1.908205750656031263e-01 6.369981409015793572e-01 9.038482791753305046e-01
3.206495171964799384e-01 3.500644687540502842e-01 7.044513155184235487e-01 4.509976717126529255e-01 4.710167731379950595e-01 5.146793006266414672e-01 2.232459214047748386e-01 1.722330638212312692e-01 4.122520744120259373e-01 7.734103910641793034e-01
3.893685882875193016e-01 4.386540124567341881e-01 3.103714771172525477e-01 6.753115682414680965e-01 4.040570601134285678e-01 7.747042072071310681e-01 5.098040531900220884e-01 7.071303145402074719e-01 8.643919255950672786e-01 5.828372972009718822e-01
9.532417606725847037e-01 6.422678936112927728e-01 1.808344826675548633e-01 9.238190301212221289e-01 7.480393190390063340e-01 4.831655967527643813e-01 5.318111653082528978e-01 8.466294095636758277e-01 6.961683629506876247e-01 3.235370452949815068e-02
4.562748294829218620e-01 2.578648853149656528e-01 6.776414303397538808e-01 7.251974396066754869e-01 5.352118616882078905e-01 3.732565675889099044e-02 7.068115472335889660e-02 5.693558289090553393e-01 7.433044249086947497e-01 9.145883627099834490e-01
4.283645865691168009e-01 8.361234243114781250e-01 2.385988925551077999e-01 1.814376303091842502e-01 1.676361112692071886e-01 2.271730266926029751e-01 7.000217348008966889e-01 9.642693399881258065e-01 5.339039758130056379e-01 7.851828146843190526e-01
9.076164141034459565e-02 7.603995372016914001e-02 6.315502097525682590e-01 2.826375491456331046e-01 9.939316751716367193e-01 4.847282351551255308e-01 1.142629971218973584e-01 7.760963533809093207e-01 1.991366358593387176e-01 9.823434222028282203e-02
5.685384784886465814e-01 5.273405154222149394e-01 4.057829910262422679e-01 5.075222837915370766e-01 6.820131987780850835e-01 3.627794204050065474e-01 6.727933996629276159e-02 8.891691898536465688e-01 2.428351825999384150e-01 1.142240040747866114e-01
2.776846011600978548e-01 4.519316607111514283e-01 8.241041583973613971e-01 2.586092985909307362e-01 6.133979397144114776e-01 2.104671935280661987e-01 7.760150694144809513e-01 8.203368369010385353e-01 8.636946731010570755e-01 8.691803171105763060e-01
9.655290433292657015e-01 7.118593066728640117e-02 3.263871256902128870e-01 3.120172395731257708e-02 9.356077876800553694e-01 7.481441149946010949e-02 7.072210438417778633e-01 6.109092782603462446e-01 1.409411369658664093e-01 9.745467831003832293e-01
4.075058930447373884e-01 6.653943573920493293e-01 1.966521344822205197e-01 9.551301187112158919e-01 4.362393785110247890e-01 6.008881533117597096e-01 8.354512542406933306e-03 3.764482692634237848e-01 6.544425907795947683e-01 5.346102609551934837e-01
9.358937266003309885e-01 1.945671069656488283e-01 9.339598628271229552e-01 4.296894943877070938e-01 9.877449471180032026e-01 2.893977993809799809e-01 9.618918118605620515e-01 7.231061212742639910e-03 5.619154079211887698e-01 5.926215465210470379e-01
2.299609977910898051e-01 6.681522111610993520e-01 4.323093585345119116e-01 3.496345192002447977e-01 1.924927686313691044e-01 2.048269670941933462e-01 6.072372597065518463e-01 8.619391244790493012e-01 1.445470457482890270e-01 4.360708241095039295e-01
3.503979485387764825e-01 2.396230694941972050e-01 1.068775187029059603e-01 2.492433146331151095e-01 6.995087159756332440e-01 7.599613563344413958e-01 5.549940649903153389e-01 3.907747807459909239e-01 9.293065269029363584e-01 9.807996123508422315e-01
4.407589418250823510e-02 3.554952906178144856e-01 5.029040580000465610e-01 7.305768883687375759e-01 3.100669974911074434e-02 9.952811437504299752e-01 1.078733316865022607e-01 9.143106117386803344e-01 9.831307158361910492e-01 6.402177590453812517e-01
9.402866692470605026e-01 4.026141066933294210e-01 1.675545490244875202e-01 9.571506119292000347e-01 2.653343665564670273e-01 9.815316322729831233e-01 2.014528562468715922e-01 5.640683337489710292e-01 9.486878492987782518e-02 6.132521337526319893e-02
3.467610260066713579e-01 1.578336696614477397e-01 4.046648841431490506e-01 2.206597109140766566e-01 5.288077650858278300e-01 3.681406458061360354e-01 6.290335719927760971e-01 8.878293213672814321e-01 7.093762519885929985e-01 1.868683439481371167e-01
3.233031569049137355e-01 3.866917080595314582e-01 2.171795031173312518e-01 7.550693016360586762e-01 4.284666411836502986e-01 7.577322759709792521e-02 4.412910683728712424e-01 1.140205234365089249e-01 3.827888436367327119e-01 8.888703719624839739e-01
6.855201868613569616e-02 9.253658136644331567e-01 2.164789610976124434e-01 8.772719762076987005e-01 6.909779083730517302e-01 3.859768026800316498e-01 8.731683025601951753e-01 7.970270960887574363e-01 8.625026040878441824e-01 3.836054886604329806e-01
5.247313994845180796e-01 3.814141542964400999e-01 5.289106703927213271e-01 8.123309566456048403e-01 1.740515484639327815e-01 9.256683569594413852e-01 2.741020345129653313e-01 4.303891534322964452e-01 2.532504475405886746e-01 4.403672380220216009e-01
1.786709529062742163e-01 5.245870031836075142e-02 4.572446038751254438e-02 4.465926529753179164e-01 3.238754027476656860e-01 4.195801962348022496e-01 6.247734958331130350e-01 3.536673535615159070e-01 7.291291800574278836e-01 9.247536645298392033e-01
6.285538793627354348e-02 5.480088707941708215e-01 5.390963869709762823e-01 2.245478783251214638e-01 9.720476228177896694e-01 5.831726788430762198e-01 5.659355354683826000e-01 3.467487786008748296e-01 1.537385592362344733e-01 7.308636458190401752e-01
5.677914414694072986e-01 4.597634194424561338e-01 9.134146420640113506e-01 8.872898753997728871e-01 4.670128992592835759e-01 1.865546888279889792e-02 5.555140411944196055e-01 2.730703903883464623e-01 8.360768235745854593e-01 9.562230110605142164e-01
2.699934442962759196e-02 6.249415772073788622e-01 2.072782498563044973e-01 3.500864985437435184e-01 7.895347767624768531e-01 9.142108067461640619e-02 2.884214865808856221e-01 6.318475362684173868e-01 4.367546644286625090e-01 7.688147736290584788e-02
4.785275847732618493e-01 3.244348439277956464e-01 2.707407271531613313e-01 9.383108091745865353e-01 2.158749102631659644e-01 1.117125299152468276e-01 1.367091188255633583e-01 7.900373587872744352e-02 4.299723471759039350e-01 5.561704146383503744e-01
9.613438992014966544e-02 6.364326162544571286e-01 3.554698205506932052e-01 8.111584043077446626e-02 5.444399482235026122e-01 8.796135761567183131e-01 9.608965018233565081e-01 6.655800495245780546e-01 5.395458019205975342e-01 6.264823943844124443e-01
3.572415583022682251e-01 2.985363969117974525e-01 4.054438103606310406e-01 2.647503821838909088e-01 6.421221520653732640e-01 3.985319046634495654e-01 3.944525141588594019e-01 3.279268563334128972e-01 6.679298870809844413e-01 9.662998419373101111e-01
2.026254910283729060e-01 7.615068579506214519e-01 6.211769428884650335e-01 9.624813259461385551e-01 5.676418605838774445e-01 7.868528772144324224e-01 9.718627374722933476e-01 4.635819802033718240e-01 2.146800253832485961e-01 7.336661261171808501e-01
4.409395976893597524e-01 1.683350864149624204e-02 8.486388733459528932e-01 1.925180650140981831e-01 8.900823790280804060e-01 8.432021983988119418e-01 4.810138907741569048e-01 7.131465195387330924e-01 5.788958121116710709e-01 5.460333229857274873e-01
5.937454853703832969e-01 5.004960226958559133e-01 5.821891488475030574e-01 5.939451076607056290e-01 4.671002368122608717e-01 9.169711858974427532e-02 3.991418461954776564e-01 1.575419996419528124e-01 2.793337674476011889e-01 7.603999069336601080e-01
4.125825449302594761e-01 5.911382872197634697e-02 8.136338526903714730e-01 5.733561190386491369e-01 7.578566815763726483e-01 8.005422759758428208e-01 8.831381364163122250e-01 2.462028497715794684e-01 3.052986360727334425e-01 1.768383946221498970e-01
5.012938974940724934e-01 4.137168410787313011e-01 2.694060744626147752e-01 4.075794505794982925e-02 6.328077683896485839e-01 9.887998224926727309e-01 6.013662159712067634e-01 5.745355265456596472e-01 2.936499165365030750e-01 9.251896168655793229e-01
7.181681398072204958e-01 3.885881284297511007e-01 1.094158368664255310e-02 1.969720334951858831e-01 4.944982366209119684e-01 1.631283689316234131e-01 3.631618506203041497e-01 8.324462308069316974e-01 9.296157838257996797e-01 7.148783357395460669e-01
3.254331898709081905e-01 8.687991305608112613e-01 7.021644990489328553e-01 4.299307182864740007e-01 5.268647776121151427e-01 1.681528587163738653e-02 5.584082689632637875e-01 7.617681938980253031e-01 8.141973456547310084e-01 5.810125116093859399e-01
4.808816056985920628e-02 7.319236168436211720e-01 6.698221915657927017e-01 8.327036265757105093e-01 2.144946297955273584e-01 5.059481909376879472e-01 2.503889595430235371e-01 1.575099244312645475e-01 9.457331825651621449e-01 8.192095297804368181e-01
9.008250143649050301e-01 1.397279160705510170e-01 5.886524141505823371e-01 6.805264453706023620e-01 4.856249499352549570e-01 3.792695937489488633e-01 2.747448728931530804e-01 8.233180047413125591e-01 1.719930555927785543e-01 3.682406602261725226e-01
2.374195086414828681e-01 6.726987603203673505e-01 2.567929813989049403e-01 8.764918043798601843e-01 1.798911758993219090e-01 8.313618830900009193e-01 2.855671180508823070e-02 4.849781001639117406e-01 9.762188364699988519e-01 2.078952653330043976e-01
3.035090804835277600e-01 2.458785046625934223e-01 7.154614730980742854e-01 7.472125693785758305e-02 5.000653545489649465e-01 1.501396404449232280e-01 5.582715691147590586e-01 7.859475305923239175e-01 8.368703076320892498e-01 6.723482426846688620e-01
9.099282263184824693e-01 1.059861392174619166e-01 5.408961318956051478e-02 9.017576022800291025e-01 6.128442300139035348e-01 2.703338112060085230e-01 3.030017540843511492e-01 1.899381990578863366e-02 8.927383385330722732e-02 8.827437267556570433e-02
3.981549672449590238e-01 7.290701599234969965e-01 2.647580826195468084e-01 2.692361634660800362e-01 2.768063358501093862e-01 2.970284153506725922e-01 3.246635502449120025e-01 7.985475708786096138e-01 2.364797195922258011e-01 8.012445639612327808e-01
6.138550668812741140e-01 2.384169114518216448e-01 8.458214004862363300e-01 5.182155133083823362e-01 3.613130656327088186e-01 8.330053971067585827e-01 7.378020324257231755e-01 8.812012554731444292e-01 8.690266386119608333e-01 7.569309743483351172e-01
8.564680712217785929e-01 8.319968911148423185e-02 2.085422141469583934e-01 5.704062503562312703e-01 3.892147890428785395e-01 3.055987584796930889e-01 1.397846030847182952e-01 1.087010672597062966e-01 9.908623449110489645e-01 2.774675110844272430e-01
4.831992915160724378e-01 7.883800984105407972e-01 1.175213674479076431e-01 5.026573011564926530e-01 9.036116539824226024e-01 1.206910524917814698e-01 6.092307030462102979e-01 5.664592623366516699e-01 8.350002867784214189e-01 4.743336155374557883e-01
8.466525443311699872e-01 9.455947320408611967e-01 6.787621000712201758e-01 5.920912043013540904e-01 8.527212921383227062e-01 5.927159312758034648e-02 8.686006392494400874e-01 3.991933524260915522e-02 2.217180930570664676e-01 3.997298815285763585e-01
3.990410842078040421e-02 9.319694971521232940e-01 9.677882618321514974e-01 1.503325095188836613e-01 2.699837243635606621e-01 3.714510042656586908e-01 2.734954153049942160e-01 9.811126490613363282e-01 5.263927217904886824e-01 4.940599537315958356e-01
2.639581209345092105e-01 6.777990722600202300e-01 4.643126597561288982e-01 9.303453427270536036e-02 5.362204051102500424e-01 1.860835383233576668e-01 8.341771297191383772e-01 9.557256426751518097e-01 7.856258632605139791e-01 6.133496017685747814e-01
9.876969521471222757e-01 1.166980314910768257e-01 5.796211776846170727e-01 7.063492815595042718e-01 8.775990735018217581e-01 7.039835725336180960e-01 4.535762868955328653e-02 5.372579533989318978e-01 9.564186767699374148e-01 3.436500556053859734e-01
3.352662652892046680e-01 6.088822269691585021e-02 6.566099859838095965e-01 9.487238634364709711e-01 4.891479972990538938e-01 4.377985858615657255e-01 6.193160900009946346e-01 6.566399757535159587e-01 9.388767071354340299e-01 7.502582946529168240e-02
5.438323219345263526e-01 3.025934988600527120e-01 5.513708848108533900e-03 7.205850372280733218e-01 3.339240897614902392e-01 6.480010590895982636e-01 5.476511865245434763e-01 8.166871368828041433e-01 6.559383033176985345e-01 5.310076336105942207e-01
5.529642669208197914e-01 5.649308774616688122e-01 5.024266090874976998e-01 3.346375487242636559e-02 6.407884521406731482e-01 4.838882116489984231e-02 2.351683951495481262e-01 5.079441091060532543e-01 2.391726028767511281e-01 7.186710950492765093e-01
6.043769641637500856e-01 3.108467472164430090e-01 2.949781097982553391e-01 4.107798814407830346e-01 2.881387669080808234e-01 8.766816720437965449e-01 9.468531362815543195e-01 2.448386273932636747e-01 7.183922478269672007e-01 1.119249223311244990e-01
3.048371552660379402e-01 4.703829754607252722e-01 4.818274233021080377e-01 6.223477304126383558e-01 1.221147015299417493e-01 6.396586048980252848e-01 2.649777173250723594e-01 1.481289696407089851e-01 2.588320577562547298e-01 8.726625477843530376e-01
1.780916207087526182e-01 9.465721041618535558e-01 7.105423898027307672e-01 3.203553807929254704e-01 3.308956160122711321e-02 1.170891202924572161e-01 5.611390267796908526e-01 8.760137362353170865e-02 6.788025113092677199e-01 8.376276970308809133e-01
6.891595059882607011e-01 1.351493791389879462e-02 6.263862742732678734e-01 7.044172860559986260e-01 2.479493895042770291e-01 3.464855134581467100e-01 5.001699744462669850e-01 9.827658910501178013e-01 1.585953830895917571e-01 8.849574555667693021e-01
9.190664453332527684e-01 3.906202534393232728e-01 7.065713898648674496e-01 6.593316146221839258e-02 6.654137325574490669e-01 9.574086061421049898e-01 5.347963287612556016e-03 7.558953151954448391e-01 5.103411866968332600e-02 8.702859550420418699e-01
8.200194910355976807e-01 7.295908419614669516e-01 4.400508531368761966e-01 6.203860394158041691e-01 8.714317898798515927e-01 8.799203951873437735e-01 8.254829004424372174e-01 9.908284361238269833e-01 2.311670845311055711e-01 3.167446734196566194e-01
4.491010103212770277e-01 9.642698947818514332e-01 7.297262865380005348e-01 6.908101446966663506e-02 8.642823393119124509e-01 4.057631625325768265e-01 5.117462272085188113e-01 5.574244533834930015e-01 9.268399485630891554e-01 1.173068692114055400e-01
4.389255529346020035e-01 8.892908022730915407e-01 4.399973198584162803e-01 1.357724824428626631e-01 1.097891078093504724e-02 2.824851443880010970e-01 2.372002602888200196e-01 9.181195560201124151e-01 9.581957841975965451e-01 2.270420532803032465e-01
2.914408290969515702e-01 3.806831878751115728e-02 1.545493088246129298e-01 2.469030339139355323e-01 4.095926523607419378e-01 5.214055298213304823e-01 3.182094330862723641e-01 3.139017515269874048e-01 9.228488135404598891e-01 2.873426086671304613e-01
6.149784126587430899e-01 1.293046671386155477e-02 2.752776964413830019e-01 4.888979707312574030e-01 4.781105872166235837e-01 3.933427099982168551e-01 9.118798756014129259e-01 5.133005213003473122e-01 6.551566536985312661e-01 8.910239174431788811e-02
4.693310626298607957e-02 4.190024160135467080e-01 9.013866151257046155e-01 5.882184568254198442e-01 4.431276605524405721e-01 3.070283507392775890e-01 4.464897719316309743e-01 7.930904809869346872e-01 6.275808699571613358e-01 4.058145821813630150e-03
9.222730747373896198e-01 2.863215417141867780e-01 2.296136627123753771e-01 3.296323388827486767e-01 2.084083815598718470e-01 3.933675373539924358e-02 4.542619665138991625e-01 4.283939069473960970e-01 7.103182261521532315e-01 2.719146273885835186e-01
3.883484694370150647e-01 9.839648883605988106e-01 6.138350666430368863e-01 2.956262008684085174e-02 1.240083358749696218e-01 6.471247012425240808e-01 4.434842140102076558e-01 1.718465399687489903e-01 7.177490916955131528e-02 5.562122990305892190e-01
3.506408884881274668e-01 6.912143366762968366e-01 8.050072789758730973e-01 4.708998854625066066e-01 3.515695888549849046e-01 3.569528491350861810e-01 1.227864991011266005e-01 1.156790833603138502e-01 3.601314303732873201e-01 7.504236829330530600e-01
3.753133368300858308e-01 5.352539389161738992e-01 3.980202860178120305e-01 7.281988766541386271e-01 2.949551348165333486e-01 5.974023040873971402e-01 8.909364718139476391e-01 2.630042361218083435e-01 2.023687226300524555e-01 3.931771958195564576e-01
4.046496942640299688e-01 9.903176337180096267e-01 7.151985579158620654e-01 2.902146143363563136e-01 1.021413411665174076e-01 3.570059324933818612e-01 2.014007213457368328e-01 8.910006426303032079e-01 4.983362402079984932e-01 8.377251299004866425e-01
8.614611493675290443e-01 2.062456783558455076e-01 6.946081544883787595e-01 2.707736479735257662e-01 7.282836580712920282e-01 6.662944839123816632e-01 9.094601270131563719e-01 7.839770124393655726e-01 9.572464235310637060e-01 4.272856005475422769e-02
3.870159374475050651e-01 1.633747509093368411e-01 6.296900434677699110e-01 6.764448360189954101e-01 6.162435003090633856e-01 7.285742046289891416e-01 8.407045792404960194e-01 8.238968239706435659e-01 1.518939898242810393e-01 2.400597275902128791e-01
3.951036277181619871e-01 3.334835737819137336e-01 1.853006623865959268e-01 1.633301474016238819e-01 1.841468798881029656e-04 4.179822029364483882e-01 4.922439329654920703e-01 5.612011504872943535e-01 4.310515587468111143e-02 9.852165465104334441e-02
5.868275829108536845e-01 6.903062475878667392e-01 5.691601354198762008e-01 7.613182721064123415e-01 4.894970568672601940e-01 2.686035113654781092e-01 2.866562913897289233e-01 1.115990645363413858e-01 6.205540669538364140e-01 5.448733848548796832e-01
6.442816136839160102e-01 9.360950925526337896e-01 8.438612546107077117e-01 2.617119769726149459e-01 1.917240467757969080e-01 3.458112152438745923e-01 3.282424237360614949e-02 1.684536064839164959e-01 9.317498329073755636e-01 6.599162659345124693e-01
6.672969464827345210e-01 6.328333492553139816e-02 4.615308771658707121e-01 4.108593161491941315e-01 9.675610909497722734e-02 1.294768166814309618e-01 8.147910360348245007e-01 5.505512778679679808e-01 8.788152271004319172e-01 7.229694389472363092e-01
1.644313389010561011e-01 2.016599842193991243e-01 7.903785363701472111e-01 5.348248459936834065e-01 6.528117175201372246e-01 9.116422209356134232e-02 6.890456715082484696e-01 8.738480524254055304e-02 4.897349443271735714e-01 1.162759271757818347e-02
6.977662185621017477e-01 9.320484579492338550e-01 2.292797138418319891e-01 6.513648914406022783e-01 3.306576477260855240e-01 6.133609745975184824e-01 1.830103627218843121e-01 5.451931807413058495e-01 8.964554340602995941e-01 4.668866591739706529e-03
9.930206044310492253e-01 5.849337993555733251e-01 8.320755562545461004e-01 6.043255988448226201e-01 8.717028582346468824e-01 2.925633685072683843e-01 1.938442259331107920e-01 1.317389330958348426e-01 5.108301656094338394e-02 6.751088099164904710e-01
7.169520991620889072e-01 7.472376337872630447e-01 8.485479672468043688e-02 6.074750644508802866e-01 8.038169017410778938e-02 1.125280655482442382e-01 5.795035045208924984e-01 2.271833720059303063e-01 9.904593203584056704e-01 1.794079824902560238e-01
8.824548272319753250e-01 4.077813973441166695e-01 3.318401299446460673e-01 4.993017535080378488e-01 3.548945369986321596e-01 9.978846636281417659e-01 1.482800590040133093e-01 7.137781020699871526e-01 1.034408816861382974e-01 2.396546296970717416e-01
4.137113992165853960e-01 9.287732527760760304e-01 6.499245199355574432e-02 8.012143532279643043e-01 8.115868608698992848e-01 1.932790280413155815e-01 8.109655859388088528e-01 8.451717752834103647e-01 5.575644228531917435e-01 7.743760242286850115e-01
8.456797986699535752e-01 5.550371237210897091e-01 2.821863609333412626e-01 5.923001501819813441e-02 7.826975361086302430e-01 1.640245603620339443e-01 3.223219011378036791e-01 9.160244927277777505e-01 2.951480172930310841e-01 5.772325906001597451e-01
9.771614110677206977e-02 2.071083896346578301e-01 4.651357920487889652e-01 9.841948505102213751e-01 2.438387506795279824e-01 6.262113856782417498e-01 3.329704988605604044e-01 5.798094196650505072e-01 5.678778749585275953e-01 5.440877610035579348e-01
1.025226233501778106e-01 5.425104384233011556e-01 8.279508099721701875e-01 4.024200843069520861e-01 3.213791444751014081e-01 9.178819268837412615e-02 3.143592891029125536e-01 1.735058558267762452e-01 3.939404456913595531e-01 4.002593909874392342e-01
6.605408557380010315e-02 5.970693792801936572e-01 2.221081275701888291e-01 4.289368612718430507e-01 2.343116897291579459e-01 8.795346081506214553e-01 9.575164269825623409e-01 9.714678810157969524e-01 4.655317060769825765e-03 6.427224943562404036e-02
3.375626069161878906e-01 3.762545234692898921e-01 3.681207399695144433e-01 5.411603136216494025e-01 6.174521593913099293e-01 2.576572047325912385e-01 2.165958723328796909e-01 8.056893384341475839e-01 9.716740442819752355e-01 7.519661805479327388e-01
8.129433219151078749e-01 5.050376706204485755e-01 6.182079996881545414e-01 6.358657675318812874e-02 5.068040615899236379e-01 9.455675587827749862e-02 8.081119929473150609e-01 8.546618832016837919e-01 5.090791463886636947e-01 2.925979785736607663e-01
7.293104052233672085e-01 8.534795368166662177e-01 8.201668087078270997e-01 4.120280022705172795e-01 8.010293625910189785e-01 8.238573205983967807e-01 4.256319845660007095e-01 4.456920577578384890e-01 9.210113527857304305e-01 4.143024055308565101e-01
8.832084960159454212e-01 8.903028032437053652e-01 4.146769624357947714e-01 4.284997391380080956e-01 3.296499735932478803e-02 2.085122841186876075e-01 6.503364698364564322e-01 1.277649950566565051e-01 8.132549121583829699e-01 6.920589965876847716e-01
3.059100300293788877e-01 8.315430592301285007e-01 9.028218741446435436e-01 3.921488597073156113e-01 3.055330026780486152e-01 3.223849902823553437e-01 7.043425145779587115e-01 9.162827932314822066e-01 7.651280533772610859e-01 4.829747360358365160e-01
5.430808584012527529e-01 8.214567861938787408e-01 8.555417382440517748e-01 7.422138557479541765e-01 7.924081489908818554e-01 5.408948742185948344e-01 8.098371129842339977e-01 8.435314783771101776e-01 6.566730822174056126e-01 7.328542639383782697e-01
1.674828521260784964e-02 8.512871007172023718e-01 7.434314146705709447e-01 3.104967819331350132e-01 9.694429641948655307e-01 2.373832475406025821e-01 6.488050189971966697e-01 1.722696328831626600e-01 2.172334402185187585e-01 2.603774266172819152e-01
7.733933031207508302e-01 7.714392662849187676e-01 3.327892864116619442e-01 5.601029874579739332e-01 3.911592672020137718e-01 3.215063857672870729e-01 7.969838097840307167e-01 2.605176343170968467e-01 7.569252431980182383e-01 8.995017063741171937e-01
9.508882448143053390e-01 4.916324072719979732e-01 1.140365626883603767e-01 3.592771157915077840e-01 6.181356692444022194e-01 6.251212396741343547e-01 9.737286894687635641e-01 4.456828312074589959e-02 7.848981479356968993e-01 4.315903135341240260e-01
5.677283456867587841e-02 8.596917206424533608e-01 2.238126584778975525e-01 3.220412073506275785e-01 1.447596882738044766e-02 1.817078510789479351e-01 9.804295771027923267e-01 8.258770839021338794e-01 3.644601762049912708e-01 1.097882799325781145e-01
8.043592661732740234e-01 4.647672338585536744e-01 5.742359776489003309e-01 1.284419191747734335e-01 3.030818139074473727e-01 2.065596582510189627e-01 1.682500577093910543e-01 3.622808617285990795e-01 3.196873329739613467e-03 8.765270658037915830e-01
9.415579498730393126e-01 1.831518535337197662e-01 1.958408207201290940e-01 8.395155988094937793e-02 2.282618242965201993e-01 3.057007478160167491e-02 7.225271909363648604e-01 6.074374368942361269e-01 5.855495204310559032e-01 5.999083168814307587e-01
6.704604203346953284e-03 8.882456308764596908e-02 4.355602329872719780e-01 6.811274125581798788e-01 3.128882402644178606e-01 8.769086254346862841e-01 1.027189770852833250e-01 1.376711479809322736e-01 1.983390052804608894e-01 8.679799670410609513e-01
6.893786964848488408e-01 5.161577662253610255e-01 3.647241391550546386e-01 9.711877104482535827e-02 5.229077298557271991e-02 2.108744801456283735e-01 7.234584466745391795e-01 9.730452691926199105e-01 3.180633192768640427e-01 8.119593755637113386e-01
1.163250423170681946e-01 2.426485554294569580e-01 7.271951533372832399e-01 3.108969401468794080e-01 1.689593543218621541e-01 4.425497613191499147e-01 1.593623549682884333e-01 8.758404775911000639e-01 1.947548954785586206e-01 3.744868983375743143e-01
1.704157162008017590e-01 4.783934549472831366e-01 9.530095909763032225e-01 7.677633766798360737e-01 3.600264656411389375e-02 4.818909104036747104e-01 9.025972471069990677e-01 8.133814456501154977e-01 4.237240496313742222e-01 7.630850629650176575e-01
8.100830581182035806e-01 5.748281549036180493e-01 2.917242999591175279e-01 1.543541572438476006e-01 3.404787785851198789e-01 8.106712875804132912e-01 6.781950830744957193e-01 8.841797896422015635e-01 3.319525781098103812e-01 9.786760432083865258e-01
6.202845055703354316e-01 4.047063819035378041e-01 6.593737146283876749e-01 4.564714044534510240e-01 1.543611860851951123e-01 7.852625730392992498e-01 6.601527571353200674e-01 8.246081836650537289e-01 9.543063599097526550e-01 5.851176849222045062e-01
3.878426535121571872e-01 2.189908749842875979e-01 3.173930762136990547e-01 1.823023819683967650e-01 6.510015400577290334e-01 4.847386824565558250e-01 5.713753865238061502e-01 1.731537103879661199e-01 3.140105183724497540e-01 7.923406487561406308e-01
8.963681540924494096e-01 6.208912812931206560e-01 6.117050439841633658e-01 8.702779778398078703e-01 9.999657545968759775e-01 8.018218229843160350e-01 4.555893102949180040e-01 8.454244372782995232e-01 3.297174169749549355e-01 6.197816784812817392e-01
8.103576684415737530e-01 5.603441850189189166e-01 5.613860782456423504e-01 9.668188742422423321e-02 1.045986149574045232e-01 9.954798486416216452e-02 5.141438154248508807e-01 7.643818646811283424e-01 6.975759306347814048e-01 4.837092127265073538e-01
9.379263242542451584e-01 9.818554059652869759e-01 4.785836144875118547e-01 2.538277581235057756e-01 5.833312924265202648e-01 6.747201614274870307e-01 3.453672248185548632e-01 4.135755215808603058e-01 6.205018651588397605e-01 2.951011350247969567e-01
2.344506423500435366e-01 6.532811840512449120e-01 5.766982051768494433e-01 9.512479896408717606e-01 6.446509006315066515e-01 3.905712365374433004e-01 3.978001234219550319e-01 5.052528126999221714e-01 3.352132607078319726e-01 9.348176098680999191e-01
6.035256452047558229e-01 3.544627726639437704e-02 6.238533246573798596e-01 2.301260066243215885e-01 1.564956615774135695e-01 9.770531222778594538e-01 8.286678526407331713e-01 4.008074989101931829e-01 7.711407942175727559e-01 4.908852148608271460e-01
7.849890452113194028e-01 1.357441830525875082e-01 2.054505732029759946e-01 2.144626134321736544e-02 6.140202856772216666e-01 5.988788700570777390e-01 3.854518933477893983e-01 5.137806943103008228e-01 5.574295439246911288e-01 4.341338414077200447e-01
9.284532392298256998e-01 5.946687268778171331e-01 1.522272664093858863e-01 5.320849181679280226e-01 7.624522563137203779e-02 5.320995036524366339e-01 3.391188426803652955e-01 6.457791116310654944e-01 2.189715657500584944e-01 8.642178302029657200e-02
4.481004743896576104e-01 7.502051669194429451e-01 1.895874126854111275e-01 5.536850875496185376e-01 4.707580929653697455e-01 4.603196962270613701e-01 9.092042785719464115e-01 5.048906165534761126e-02 4.591633123900740188e-02 3.836453540554587427e-01
4.340706169923624902e-02 2.558371287440069919e-01 8.109584567633694174e-01 7.396331704465751722e-01 2.962186598193283782e-01 6.505676930192441088e-01 7.874012180029266172e-02 2.903916845586227424e-01 3.673860613974311295e-02 7.105067364360329041e-02
4.133074474540965326e-02 4.520451897096849914e-01 1.349416726373787734e-01 4.775505442606720052e-02 3.177747028070965207e-01 4.069841052571112616e-01 9.465425112375290828e-01 9.011020932388208449e-01 2.164532903033256073e-02 7.343441541211673806e-01
2.745617256003441975e-01 4.066450505154974859e-01 8.992022096811730369e-01 5.329485366096065047e-01 4.561593857380125128e-01 5.943754598672542633e-01 8.743382255889134980e-01 1.742062457866917491e-01 4.883651017318789700e-01 8.139868228775017922e-01
2.886684624208043504e-01 3.462037585342017110e-01 1.617244679861541412e-01 6.532741239444070924e-01 2.480603497808402391e-01 1.880816846534164588e-01 1.226805849680931981e-01 2.358069621078376921e-01 4.403551262242704212e-01 3.583806995996652311e-02
2.684845037738418094e-01 1.017442661507786950e-01 8.398563118831647856e-02 4.598285742560833667e-01 6.660960500034251996e-02 7.190444940447281441e-01 4.809106525348111338e-01 5.066291760680602385e-01 2.262665323673580531e-01 8.067106971850186437e-01
1.447244370285326598e-01 8.027823464779388907e-01 7.611224434853655074e-01 8.093143826685804676e-01 4.389600819925937314e-01 7.629129868175710261e-02 4.990071041476117353e-01 9.709134480172956216e-01 8.555401242103557458e-01 4.968900647019623973e-01
1.189128433478007230e-01 5.857004142443301697e-01 9.523850067715237122e-01 5.251577800037635635e-01 6.042583666599324888e-01 8.287791410210920695e-01 6.887354218302975672e-01 4.893335040052395613e-01 3.314445754745511952e-01 6.311057875477554813e-02
1.398460881313061677e-01 8.547832176980112440e-01 8.227985125183389092e-01 5.378186046681978638e-01 7.573910526170224422e-01 4.284102615255532820e-01 8.843059719694271736e-01 6.324881140053597584e-01 7.302542774716056506e-01 3.614565002207587030e-01
1.166098954604023463e-01 9.150689102032194544e-01 9.970715739262514532e-02 1.060410160342195596e-02 4.252732381449287891e-01 2.694666543732142650e-01 1.354507059224512311e-01 4.087285643345518471e-01 1.124042963128901729e-01 1.770476098854054658e-01
9.996196534475014772e-01 1.874989592009668193e-02 1.283190132144635953e-01 1.031373503296150185e-01 5.273236536141577835e-01 2.847603947992857210e-01 5.636231487366444304e-01 6.611549254691875266e-01 2.742569151868929911e-01 4.356838704841641263e-01
5.970243908299284197e-01 2.018311843466663591e-01 8.020971993514637299e-01 4.104610911844674970e-01 3.414079884616908478e-01 3.001864040649677712e-01 1.606513610339109777e-01 4.093052266724113153e-01 6.594923917815319614e-01 1.310465820213868593e-01
1.404176321020950136e-01 5.844249023199230564e-01 7.226762143704007491e-01 1.395853836243844404e-01 4.195759174180410112e-01 5.416135260366400361e-01 7.923593975311435944e-01 5.613256560530343053e-01 9.609962696075596833e-01 2.089407090016554003e-01
2.249596609659155755e-01 8.230684418737616026e-01 8.664272386568566686e-01 4.561584673033144410e-01 3.392351928751469181e-02 7.175295209412384523e-01 1.388076398831562530e-01 2.125255931337429738e-01 4.798371903061672272e-01 9.344178658965874851e-01
9.837613435822512020e-02 4.481117426144645144e-01 6.740558531429715616e-01 6.523960345298196462e-01 2.200134226291753370e-01 7.063621749228560232e-01 9.774594460080240355e-01 4.796069746443810677e-01 8.430272189673030381e-01 2.631751985811671135e-01
3.551176671881347557e-01 2.768140711571809298e-02 6.959771709103302895e-01 3.034325540802570442e-01 4.233376020813774954e-01 2.477088334290509231e-01 8.686064821105308198e-01 9.638817634209558838e-01 9.198363445254986726e-02 4.704012767208753942e-01
9.349036315342679204e-01 2.582517861757371858e-02 2.032117375012354454e-02 3.501051511270050209e-01 8.996159160394778809e-01 2.308352820897670021e-01 1.842265178371877976e-01 5.404858999435778744e-01 2.668708618576214331e-01 1.144601173578012610e-01
3.893528399398471507e-02 3.989185095794943736e-01 9.000538929851393810e-01 3.566315606599801402e-01 4.573957261644630012e-01 1.079152264839021713e-01 8.142292011636038662e-01 7.388985969560549760e-01 1.169446197247963060e-01 8.953047153762698773e-01
2.004829876267587574e-01 7.208240067569937626e-02 4.581039937397490824e-02 6.461821498769144689e-01 8.648145623547818239e-01 4.928509786593683328e-01 6.164864906031594094e-01 8.017583483805469369e-01 2.979664865438944599e-01 3.566603036745029653e-01
7.821065393394106557e-01 5.208095680479053469e-01 7.043376060313866205e-02 3.617343975268197953e-01 5.491582470873797028e-01 9.305251286319888848e-01 2.347359540163139746e-01 7.107431531407496506e-01 7.859848928429542525e-01 8.161641143006578281e-01
5.231565462780349840e-01 1.449070979386224423e-01 4.116916652195089510e-01 7.865977293560988404e-02 5.714195712876455335e-01 3.427310608348048682e-01 4.336012862205235185e-01 8.202585655367644613e-01 3.523630861511306556e-02 9.882743502724363749e-01
1.564856390448787771e-01 7.063968380024078231e-01 4.512371500194363172e-01 6.720320927020646540e-01 9.530542857333864637e-01 1.008272510909947739e-01 7.337772151747826710e-01 9.717992091942078137e-01 3.572038281283806960e-02 9.221073975859740424e-01
8.317574139528698396e-01 9.554444450572185943e-01 9.560404308801041529e-01 7.632125226402307616e-01 9.516071584160513686e-01 1.529573299414540566e-01 8.714283699544844719e-02 6.384599571871321100e-01 2.504177299922140110e-01 8.086829460776489009e-01
1.039087476472992932e-01 8.359110012856783012e-01 2.069318838830371821e-01 7.650877989713252836e-01 9.275263740777099919e-01 1.931870059256176608e-01 8.473746564338777709e-01 9.791104874329258356e-01 1.783615529690431023e-01 8.645121760671041766e-01
7.070375014903382827e-01 1.287580719318481837e-02 7.111264879059387978e-01 8.629114431411518682e-01 3.338464861654099058e-01 9.088875225253353340e-01 2.491800221571438545e-01 5.764270397207118535e-01 2.665279006948696461e-01 7.784527491713199021e-01
7.907125327571040696e-01 7.759103722498100764e-01 1.464780991394096787e-01 3.141949781915406303e-01 1.084106011973506867e-03 1.414014271972406922e-01 7.907244493702998422e-01 9.030234537552652707e-01 8.417549975899765169e-01 1.856215602479177607e-01
4.274027152610826441e-01 2.536665139594269647e-01 3.543388032307898117e-01 8.928824289078820531e-01 3.953857236152952259e-01 9.978469537917722398e-02 6.595570693710719468e-01 8.581568123327171227e-01 8.629967229711053012e-01 2.169883552460849518e-01
5.267760748850212060e-01 2.115963963043746565e-01 3.135235287968169970e-01 4.611568142609197007e-01 2.232075643372670726e-01 5.685000982001842118e-01 9.547534642363254553e-01 9.633431232233021779e-01 5.800142077880158231e-01 3.295717701039979630e-02
3.782069847862714607e-01 5.936199398861413679e-01 1.535347947482683661e-01 6.198690431415543323e-01 5.648268240433074183e-01 1.512049901209633340e-02 2.358963294224982743e-01 5.636482162019436082e-01 1.360807796813134907e-02 8.700140807789547015e-02
2.139264305526216159e-01 7.748982048543139323e-01 4.718583603517784164e-01 7.456300781463627292e-01 1.402559706721581145e-01 8.038735642708627616e-01 4.984009857827350620e-01 3.785771945483372702e-01 7.974895008937301633e-01 3.495929320964695775e-01
1.240373789783111302e-02 3.235994574774407884e-01 2.483376038361206906e-02 1.949330412252069378e-01 6.140719555197343693e-01 7.804669261300012373e-02 4.877974758770229347e-01 1.534728381452784562e-01 5.160300233704696593e-01 2.876202310558635400e-01
6.179261070066346395e-01 5.054502274053991329e-01 9.241629473441768106e-01 1.749908240437831886e-01 2.434581588772211092e-02 4.565481907789892269e-02 8.482149805654035646e-01 4.475390042939419999e-02 7.385797020565937343e-01 4.121970249333262171e-01
9.312295715753687864e-01 3.985373036612159803e-01 6.556940981102996613e-01 4.619977323313698703e-01 2.222220186966032962e-01 1.902469430050076626e-01 4.429288016517705096e-01 5.602787663141326480e-01 5.731961322518253077e-02 9.912509088665482082e-01
3.946458645050543446e-01 9.669447668176567312e-03 8.152519186064919321e-01 3.074621734422562369e-01 2.036445552534755787e-01 2.202129768140940191e-01 6.310062069808013430e-01 4.101973178013370580e-01 9.361467803728645842e-01 8.627178181616026453e-01
5.467844821476341988e-02 7.788722038083485399e-01 3.006642676634401212e-01 8.197774767843131194e-01 8.469194337925622929e-01 2.209572475210644926e-01 1.763702784206880869e-01 7.207265106398075272e-02 8.659644455328787682e-01 3.122191935289603260e-01
2.898127751669447028e-01 5.006217135993882295e-01 2.505378985709618700e-01 5.206098361304870581e-01 4.954049746168401880e-01 8.875060190709604946e-01 3.905191759867931989e-02 8.366802074516013210e-01 7.933786408549248215e-02 6.416322912801212253e-01
2.256592329353483972e-01 8.778551597086790004e-01 1.577867570861131163e-01 7.539095603762107078e-01 6.837639834039160869e-01 6.494598032812279875e-01 6.440714017755165832e-01 1.223066653517197455e-01 7.438300689454606651e-01 7.526025025628645393e-01
4.381889649457637592e-01 3.047940322311543104e-01 4.200972115340615431e-01 6.099259054329952967e-02 6.989927135317004492e-01 8.762606365185032775e-01 9.511419894376205164e-01 4.288368522492571611e-01 3.486678922006826165e-01 2.048246621497411546e-01
8.546016824591343708e-01 5.249429532681564314e-01 4.855329495459069777e-01 2.931107961732981604e-01 8.927436888323816433e-01 3.524847800952963794e-01 7.966518610227922847e-01 9.059146230672771027e-01 3.502141911302020238e-01 4.265412375135038126e-01
1.330271698360702137e-01 3.183453280659453988e-02 5.518674270108137048e-02 4.629601723895648835e-02 5.498381920931048050e-01 6.425913488273529151e-01 9.281073792280336576e-01 6.624337321767065356e-01 4.197620133630810546e-01 5.328464824392451504e-01
5.920008382273663772e-01 9.087996718823325715e-01 1.969642235158763910e-01 8.614588548421159286e-01 9.918204910314413203e-01 7.353545543934925099e-01 9.319657743834436348e-01 4.159990895502418962e-02 7.631207122626657569e-01 1.371166695547045844e-01
1.690512138676328879e-01 7.141825020758709730e-01 8.390630269180479051e-01 7.268984077829512280e-01 8.310508030842440608e-01 9.336984418996842061e-01 8.666429544521401240e-01 5.186875171784277594e-01 7.428672244182612516e-01 9.497261743476391738e-01
5.289865247865294107e-01 1.817800753779857947e-01 1.071718161560660798e-01 7.981018479687664868e-01 7.001864550207970161e-01 3.062444654018051660e-01 9.903923942093710853e-01 2.567558225722951226e-01 6.490904829857994107e-01 6.097546254900795271e-01
9.308362483678951360e-01 7.315782784830453522e-01 3.715878050282398481e-01 4.158738640664561004e-02 4.172148390136567464e-01 5.092188152845267268e-01 8.278683387012116812e-01 1.243456489813588028e-02 3.584219385949525272e-01 5.163759643961052248e-02
4.350695419434761346e-01 9.597732321022998114e-01 1.196273514661327919e-01 5.862054111871428663e-01 7.231294170819857481e-02 6.995959441956144387e-01 3.767428427232829558e-01 5.560277636180772642e-01 4.266558920842179470e-01 7.090503416539061243e-01
4.295560933281804550e-01 2.497544524172178315e-01 1.395123442139023506e-02 3.410044518140639136e-01 1.947447799200755503e-01 1.402332503380538942e-01 4.543988676992605225e-01 5.619967476669944784e-01 6.703417764530509304e-01 5.841308989910114491e-01
8.447683730832180604e-01 5.861066423933648517e-01 8.899395029842332994e-01 7.133255983040598380e-01 1.697485683734379913e-01 1.650670404241272315e-01 1.325828957303524236e-01 4.841419182495209084e-01 5.982609690367424182e-01 6.716040735194961364e-01
4.462265076997332658e-01 4.068421838353321052e-01 8.700571423557575956e-01 6.354263356421921971e-01 9.044367740358864038e-01 2.815558252654389859e-01 6.363806048961271333e-01 9.711286716447089518e-01 5.526175884427168006e-01 2.889960799424994287e-01
1.034636215968748330e-01 9.364866475754033415e-01 3.308302741485031895e-01 5.793989684086381375e-01 6.210262909146438970e-01 3.145794665329142425e-01 5.796754253310143490e-01 6.099272337539849431e-01 9.876499274695679231e-01 2.159545726628930851e-01
3.074548012099653782e-01 2.244742722949877312e-01 5.788941484645917512e-01 2.034869549413187428e-02 1.053725062290014058e-01 7.620348359711642816e-01 9.630102649437299878e-01 8.592686047368491842e-02 5.338744570257480948e-02 9.977317181243050559e-01
8.862220376053039361e-01 3.174874863939303182e-04 6.737117291510748007e-01 1.038455342806892112e-01 5.889922712028370366e-01 7.981468923660387516e-01 9.398024698758308260e-01 3.878259079316489499e-01 6.471077338621284980e-01 4.108729692250936427e-01
6.993777649650126937e-01 8.264233298414835893e-02 6.823057975116342266e-01 3.744719827855688132e-01 7.202613893575999793e-01 8.354712072439117732e-01 1.439103753863446578e-02 9.247644906890356564e-01 8.601758367139298311e-01 2.231293380037461249e-01
2.418458408256906056e-01 7.519288911883001969e-01 1.526168331021606761e-01 1.736461853333504113e-01 6.392347874623813819e-01 1.327123925713190600e-01 6.093859442391666992e-01 4.838487653736591732e-01 4.860785810192931322e-01 1.567130823420526120e-02
8.591968531033022938e-02 7.884517436098669174e-01 7.893338624153930505e-01 5.213401519950761065e-01 8.686790335702494481e-01 7.186986014358598407e-02 2.106194081701660004e-01 4.084221143068075266e-01 6.276526467273448873e-01 2.383558753681210840e-01
7.523756514845079124e-01 9.969018221693679571e-01 6.052883548510514800e-01 6.766117923638856890e-01 5.009677901834354019e-01 7.903200833992424235e-01 7.032938674816753277e-01 1.725314131807076379e-02 8.458763342379922445e-01 7.167841208104641648e-02
4.894030865110984285e-01 9.417892070117805936e-01 6.030745538844418663e-01 5.495479758505124046e-01 9.442955722699106769e-01 2.597629688428965133e-01 9.677153055963505501e-02 4.713003554314707522e-01 4.553483518734485758e-01 8.602661560272402141e-01
3.686354551128653290e-01 9.010107969905317704e-01 3.485205595148437308e-01 3.416626017995594289e-02 2.393456779113808386e-01 4.893468290455281755e-01 4.545996762452859663e-01 8.365728306258027880e-01 9.930916850156318310e-01 1.314989422246386486e-01
7.994703309948125725e-02 2.081811463966066755e-01 9.218904168024247836e-01 6.682363126938440923e-01 9.788826759301825220e-01 3.010474653811971990e-01 1.197609920299552710e-01 1.092180478920469211e-01 2.083933642766364613e-01 4.013930751847054612e-01
2.708706932716876681e-01 8.510000993179362982e-01 5.324045735424237646e-01 6.784219448205659475e-01 2.938253712170535437e-02 4.133442915651160954e-01 8.885834832789402116e-01 1.239689479189491905e-01 3.884749719625368858e-02 5.714880958482528861e-01
5.704345292945940393e-01 2.073470565096172669e-01 1.380618361978153130e-01 2.075627656205645266e-01 8.895012435049033384e-01 7.320596909147586429e-01 3.361899254390809944e-01 4.991830956285728815e-01 3.370776004175732865e-01 8.889988624940750039e-01
8.706874388231987671e-01 3.511091721451978787e-01 6.030191546824965609e-01 4.274401284888043051e-01 7.569637403644732254e-01 4.033420684615207641e-03 6.580230437898890727e-01 8.618913140421176067e-01 5.854794594613348391e-01 3.346297005163959559e-01
7.955683227030485583e-02 9.984310979895694160e-01 7.209315381128700295e-02 1.337222705448484206e-01 5.060317738107413810e-01 7.038117045651354209e-01 3.799805786167277377e-01 3.514506553929145349e-01 4.052691520002146275e-01 3.663234767703209549e-01
9.416857771058158022e-01 9.749795331857741276e-01 9.714876506029398451e-01 6.041759021732530099e-01 6.534289374076612811e-01 4.606132952804442571e-02 6.970960636780780817e-01 1.729517585528035362e-01 4.052942039671119101e-01 1.976524767969748408e-01
5.194229852041186701e-01 5.788911063742769869e-01 6.978575813512755133e-01 9.536926204145284025e-01 5.493553657610394936e-01 2.502975393798442250e-01 5.383531846449409741e-01 3.557100271418413007e-01 4.038537575539624669e-02 6.111605801884995026e-01
9.532145921310133385e-01 9.098860024589773277e-01 1.950671520593849628e-02 5.250812588713738016e-01 3.740702484828899443e-01 2.583282280292500399e-01 6.460328737602442084e-01 5.054645471773138166e-01 9.084706176163469538e-01 6.910951414028860817e-01
2.980214628546700162e-01 2.587731051101986868e-01 5.969393594888141585e-01 4.873130681262813901e-01 9.300292122936937300e-01 4.889787385155945909e-01 1.436290150756343031e-01 3.984809296833545789e-01 8.613931543902624277e-01 4.152737941562767432e-02
